+---+--------------------+-----+-----+-------+-------+-------+
| id|            features|label|group|label_0|label_1|label_2|
+---+--------------------+-----+-----+-------+-------+-------+
|  0|(5421,[1,18,31,39...|  1.0|    4|    0.0|    1.0|    0.0|
|  1|(5421,[0,1,15,20,...|  0.0|    4|    1.0|    0.0|    0.0|
|  2|(5421,[3,109,556,...|  0.0|    4|    1.0|    0.0|    0.0|
|  3|(5421,[1,2,3,5,6,...|  1.0|    0|    0.0|    1.0|    0.0|
|  4|(5421,[2,3,4,8,11...|  1.0|    2|    0.0|    1.0|    0.0|
|  5|(5421,[1,2,5,25,4...|  0.0|    0|    1.0|    0.0|    0.0|
|  6|(5421,[7,40,142,1...|  1.0|    4|    0.0|    1.0|    0.0|
|  7|(5421,[8,13,19,25...|  0.0|    4|    1.0|    0.0|    0.0|
|  8|(5421,[2,3,7,8,21...|  0.0|    4|    1.0|    0.0|    0.0|
|  9|(5421,[2,16,22,49...|  1.0|    4|    0.0|    1.0|    0.0|
| 10|(5421,[0,7,47,49,...|  0.0|    1|    1.0|    0.0|    0.0|
| 11|(5421,[0,3,4,14,7...|  2.0|    1|    0.0|    0.0|    1.0|
| 12|(5421,[1,6,29,41,...|  1.0|    2|    0.0|    1.0|    0.0|
| 13|(5421,[1,2,6,7,16...|  0.0|    3|    1.0|    0.0|    0.0|
| 14|(5421,[3,4,5,11,1...|  1.0|    0|    0.0|    1.0|    0.0|
| 15|(5421,[0,15,20,21...|  2.0|    3|    0.0|    0.0|    1.0|
| 16|(5421,[0,525,853,...|  1.0|    3|    0.0|    1.0|    0.0|
| 17|(5421,[0,1,4,8,13...|  0.0|    1|    1.0|    0.0|    0.0|
| 18|(5421,[2,4,7,221,...|  1.0|    3|    0.0|    1.0|    0.0|
| 19|(5421,[0,4,7,20,2...|  2.0|    2|    0.0|    0.0|    1.0|
+---+--------------------+-----+-----+-------+-------+-------+
only showing top 20 rows