+---+-----+--------------------+-----+-------+-------+-------+---------+---------+---------+----------+----------+----------+------------+------------+------------+
| id|group|            features|label|label_0|label_1|label_2|nb_pred_0|nb_pred_1|nb_pred_2|svm_pred_0|svm_pred_1|svm_pred_2|joint_pred_0|joint_pred_1|joint_pred_2|
+---+-----+--------------------+-----+-------+-------+-------+---------+---------+---------+----------+----------+----------+------------+------------+------------+
|  0|    4|(5421,[1,18,31,39...|  1.0|    0.0|    1.0|    0.0|      0.0|      1.0|      0.0|       0.0|       1.0|       0.0|         0.0|         3.0|         0.0|
|  1|    4|(5421,[0,1,15,20,...|  0.0|    1.0|    0.0|    0.0|      0.0|      0.0|      0.0|       0.0|       0.0|       0.0|         0.0|         0.0|         0.0|
|  2|    4|(5421,[3,109,556,...|  0.0|    1.0|    0.0|    0.0|      0.0|      0.0|      1.0|       1.0|       0.0|       0.0|         1.0|         0.0|         2.0|
|  3|    0|(5421,[1,2,3,5,6,...|  1.0|    0.0|    1.0|    0.0|      0.0|      1.0|      0.0|       0.0|       0.0|       0.0|         0.0|         2.0|         0.0|
|  4|    2|(5421,[2,3,4,8,11...|  1.0|    0.0|    1.0|    0.0|      0.0|      0.0|      0.0|       1.0|       0.0|       0.0|         1.0|         0.0|         0.0|
|  5|    0|(5421,[1,2,5,25,4...|  0.0|    1.0|    0.0|    0.0|      1.0|      0.0|      0.0|       1.0|       0.0|       0.0|         3.0|         0.0|         0.0|
|  6|    4|(5421,[7,40,142,1...|  1.0|    0.0|    1.0|    0.0|      1.0|      1.0|      0.0|       1.0|       0.0|       0.0|         3.0|         2.0|         0.0|
|  7|    4|(5421,[8,13,19,25...|  0.0|    1.0|    0.0|    0.0|      1.0|      0.0|      0.0|       1.0|       0.0|       0.0|         3.0|         0.0|         0.0|
|  8|    4|(5421,[2,3,7,8,21...|  0.0|    1.0|    0.0|    0.0|      0.0|      0.0|      0.0|       0.0|       1.0|       0.0|         0.0|         1.0|         0.0|
|  9|    4|(5421,[2,16,22,49...|  1.0|    0.0|    1.0|    0.0|      0.0|      1.0|      0.0|       0.0|       1.0|       0.0|         0.0|         3.0|         0.0|
+---+-----+--------------------+-----+-------+-------+-------+---------+---------+---------+----------+----------+----------+------------+------------+------------+
only showing top 10 rows